0,0,0,0,0,0,0,0,0,0,0,-1
-1,0,4,66,40,74,95,50,68,35,32,37
-1,4,0,68,44,73,97,49,68,38,35,38
-1,66,68,0,30,61,37,57,45,32,34,40
-1,40,44,30,0,70,65,55,57,9,10,32
-1,74,73,61,70,0,57,24,16,64,64,41
-1,95,97,37,65,57,0,67,44,65,67,61
-1,50,49,57,55,24,67,0,25,47,46,23
-1,68,68,45,57,16,44,25,0,51,51,32
-1,35,38,32,9,64,65,47,51,0,3,25
-1,32,35,34,10,64,67,46,51,3,0,24
-1,-1,-1,-1,-1,-1,-1,-1,-1,-1,-1,0
